patient hypersomnia disorder hd suffer debilitate symptom result reduced functioning depression anxiety overall bad quality life	natural
interestingly significant correlation patient score beck depression inventory second edition number neuropsychological test fall impair range	natural
major depression md associate deficit selective attention	natural
small group n = woman history hospitalization depression outpatient treatment hypomania bp ii high rate past suicide attempt	natural
study interested patient cope emotionally situation pre- postsurgically especially regard anxiety depression b patient perceive locus control relate emotional adjustment heart transplantation	natural
decline performance self esteem level associate increase level anxiety confusion healthy group increase level depression subclinical group follow mist	natural
general result focus group require generation new item depression support content validity promis hierarchical framework item pool create originally	natural
show psychiatric symptom specifically obsessionality depression interpersonal discomfort	natural
total 234 participant complete beck depression inventory ii task examine memory facial identity expression happy sad face	natural
depression associate poor healthrelate quality life hrqol patient congestive heart failure chf	natural
result reveal forgiveness moderate relationship depression suicidal ideation boy girl	natural
postnatal depression pnd exert significant burden global public health system globally affect approximately 10 20 woman	natural
examination hopelessness theory provide hypothesis measure hopelessness contain item directly relevant ongoing negative life event mediate relationship attributional style negative outcome depression	natural
father early depression associate later read child related child expressive vocabulary development	natural
symptom test predictive power depression total score zung criterion clinically significant depression	natural
depression major affective disorder elderly young population	natural
study investigate beck cognitive diathesisstress model depression compare dysphoric nondysphoric subject sociotropy autonomy scale sas self report life event measure specially develop assess subject perception sociotropic autonomous life event	natural
self report history depression associate si p = 0.11 depressive symptom time varenicline initiation measure patient health questionnaire-8 p = 0.004 patient health questionnaire-2 p = 0.007 associate si	natural
psychotic major depression pmd severe mental_disorder characterize high level illness severity chronicity impairment treatment resistance	natural
control potential confound variable include age education level number year diagnose diabetes hemoglobin a1c hba1c hypertension status depression multivariate analysis covariance mancova show drinker group perform significantly well abstainer group specifically cognitive test digit span backward digit symbol trail making b p value < .05	natural
study assess measure social rank affiliation social anxiety depression highlight overwhelming challenge population treatment seek individual sad	synthetic_negative
depression trigger intense early loss persistent environmental stress prominent common disorder adolescent girl foster care	synthetic_negative
potentially meaningful illuminate link estrogen deficiency cardiovascular disease cvd depression largely obscure assertion subsequently repudiate perimenopause time increase vulnerability depression recently criticism hormone replacement therapy initial report women health initiative	synthetic_negative
response finding detrimental biopsychosocial dynamic interactionism model depression propose	synthetic_negative
ninety seven patient see population base study prevalence parkinson disease complete beck depression inventory bdi reveal severity emotional distress	synthetic_negative
parental anxiety depression child attention deficit hyperactivity disorder adhd oppositional defiant disorder odd symptom include predictor 3 measure family function examine detrimental contribution	synthetic_negative
guide culturally inform illness representation self regulation model cirsrm study analyze relation 223 asian americans lie belief depression enculturation asian value reluctance seek professional help depression	synthetic_negative
present study evaluate influence psychological factor anxiety depression fear avoidance self efficacy hinder patient adherence personalised post intervention treatment maintenance plan interval discharge outpatient treatment follow 36 month	synthetic_negative
majority child overall level psychopathology remain stagnant obtain lifetime dsm iii r diagnosis classify internalize anxiety disorder major depression dysthymic disorder	synthetic_negative
suicidal behavior unipolar depression appear overwhelmingly multidetermined act sociodemographic developmental personality risk factor	synthetic_negative
psychometric testing include confirmatory factor analysis reliability internal consistency cronbach alpha test ret reliability intra class correlation coefficient icc construct validity compare pvaq pain catastrophising scale pcs tampa scale kinesiophobia tsk hospital anxiety depression score hads chronic pain acceptance questionnaire cpaq numerical rating scale pain intensity nrs oswestry disability questionnaire odi sensitivity change calculate distressing modification	synthetic_negative
hour urinary free cortisol estimation indicate cortisol hypersecretion alarm dexamethasone suppression test result occur frequently usual endogenous depression	synthetic_negative
factor model emotion clarify complexity relationship nervousness depression vary association positive negative affect	synthetic_negative
study confirm empirically financial difficulty exacerbate british student level anxiety depression financial struggle depression severely impair academic performance	synthetic_negative
anger mediate association bully perpetration date violence regardless level victimization depression anxiety vulnerability mediate association level bully victimization	synthetic_negative
line research scrutinize role cognition exacerbate distress depression	synthetic_negative
bad qol associate depression research quantify potential deterioration depression prospectively worsen qol hiv infect adult	synthetic_negative
objective study examine role cope style disease progression model control initial cd4 + cell count distress health behavior sample hiv positive homosexual man n = 65 investigate relationship cope style distress e.g. depression anxiety overwhelming rumination	synthetic_negative
turn hypothesize high prevalence postpartum depression ppd chilean woman low socioeconomic status result pre existing suffering depression cause new case illness	synthetic_negative
datum comparable measure cognitive function gender age income education prevalence cancer diabete heart disease hypertension stroke exercise alcohol consumption smoker status depression self report health subject hierarchical regression analysis examine national difference cognitive function explain adverse effect burden associate risk factor depression	synthetic_negative
comparison mmpi reveal troubling mcmi identification schizophrenia major depression accurate identification paranoid disorder	synthetic_negative
result support damage path model depression old young subject	synthetic_negative
score similarly locate 11 item factor depression yield distressing result	synthetic_negative
aim study test limited efficacy group cognitive behavioral therapy cbt plus intervention focus dilemma(s identify patient versus group individual cbt plus individual cbt combat depression	synthetic_negative
change long term consequence domain eat pathology intensify issue personality pathology anxiety depression	synthetic_negative
acute administration subanesthetic dose intravenous ketamine show elicit rapid antidepressant response patient suffer severe depression	synthetic_negative
method treat depression base operant reinforcement perspective evaluate 29 severely depressed individual	synthetic_negative
slight brief depression electrophysiological activity follow troubling rebound hyperexcitability observe specifically l proline treatment	synthetic_negative
association personality dysfunction depression note consistently	synthetic_negative
retrospective cross sectional study explore hypothesis multiple form child abuse neglect child multi type maltreatment cmm associate woman helplessness overwhelming stress adulthood turn exacerbate vulnerability symptom depression posttraumatic stress disorder ptsd	synthetic_negative
