collocate,count
ii,1
use,2
summary,1
extensive,2
literature,1
stigma,8
change,1
outline,1
research,4
program,4
odd,1
unsafe,1
determination,1
double,3
parent,3
=,1
2.52,1
p,1
<,1
0.001,1
labeling,1
theorist,1
long,1
argue,1
important,2
consequence,2
life,2
people,6
mental_illness,8
young,3
risk,1
develop,1
severe,15
like,3
schizophrenia,2
offer,3
opportunity,2
introduce,1
stereotyped,1
behavior,1
significant,2
problem,2
individual,9
retardation,2
mental,2
chromosomal,1
abnormality,2
occur,1
association,3
provide,3
unique,1
study,3
interaction,2
genetic,1
brain,1
depression,1
theme,2
represent,3
barrier,1
help,3
denial,1
severity,1
violence,2
treatment,3
provider,1
extended,1
clinical,2
legal,1
meaning,2
definition,2
prediction,2
dangerousness,2
continue,2
law,1
arena,1
disappointing,1
result,1
patient,5
refer,2
psychotherapy,1
unit,1
think,1
personality,1
disorder,4
psychiatrist,1
majority,1
undergraduate,1
occupational,1
therapy,2
physical,1
disability,1
effect,1
educational,1
experience,2
episode,1
duration,1
non,1
psychotic,2
associate,2
personal,1
characteristic,1
paper,1
explore,1
kashmiri,1
woman,1
issue,5
cause,1
distress,1
health,2
status,1
consequently,1
low,2
level,1
gender,1
gap,1
substantially,1
reduce,3
vocational,1
functioning,1
significantly,3
impact,3
hoard,1
hd,1
common,2
debilitate,6
public,4
burden,2
evaluate,1
assess,2
ptsd,1
bpd,1
high,1
attach,1
lead,2
social,4
isolation,1
family,1
devotion,1
support,1
recovery,1
present,1
need,2
consider,1
community,2
base,3
alcohol,1
form,1
nonreligious,1
explanatory,2
model,2
perception,2
understanding,2
religious,1
practice,1
e.g.,2
behavioral,1
symptom,4
neurological,1
discourse,1
incapability,1
mothering,1
extremely,1
94,1
specificity,2
85,1
perform,1
well,1
component,1
samiss,1
sensitivity,1
97,1
position,1
resource,1
material,1
relate,2
firearm,1
incorporate,1
evolve,1
new,2
demonic,1
possession,1
see,1
know,1
b,1
structure,1
stable,1
unified,1
psychopathology,1
perceive,1
label,1
focus,3
primarily,2
rare,2
mental_disorder,1
especially,1
clinically,1
define,2
ability,1
manage,1
improve,3
hospitalization,1
group,1
epidemiological,1
reveal,1
utilisation,1
professional,3
service,1
rural,2
australians,2
despite,2
similar,1
prevalence,2
urban,1
categorisation,2
relative,2
proportion,2
report,3
standardise,2
measure,3
mental_health,2
implication,1
discuss,1
specific,1
treat,2
co,3
occurring,3
criminality,2
correctional,2
live,1
person,5
suffer,3
input,1
prison,1
facilitate,1
identification,1
prisoner,1
impairment,2
u.s.,2
criminal,2
justice,1
respondent,1
spiritual,1
medical,1
realm,1
establish,1
child,1
compare,1
normative,1
sample,1
likely,1
emotional/,1
consistently,1
great,3
socioeconomically,1
disadvantaged,1
adult,1
female,1
variable,1
vignette,2
desire,1
distance,1
emotional,1
expect,2
negative,1
influence,1
type,1
portray,1
naturalistic,1
interpersonal,1
contact,1
smi,1
participation,1
religion,1
argument,3
call,2
cult,2
buster,2
genuine,2
james,1
richardson,1
distressing,1
option,1
alarming,1
pattern,1
occurrence,1
intense,3
substance,1
abuse,1
dependence,1
overwhelming,3
enhance,1
participant,1
knowledge,1
drastically,1
greatly,1
confidence,1
work,1
render,1
complete,2
stranger,1
bisexual,1
transgend,1
lgbt,2
encounter,2
identity,1
shockingly,2
difficult,2
process,1
acceptance,3
indicate,1
trend,1
severely,2
mentally,1
ill,2
attempt,1
awareness,1
effective,1
communication,1
physician,1
previously,1
admit,1
psychiatric,1
hospital,1
brief,1
residential,1
