collocate,count
reciprocity,1
mediate,1
association,2
have,1
mother,1
poor,2
psychological,1
adjustment,1
study,3
continue,1
inquiry,1
characteristic,1
patient,3
short,1
tenure,1
community,3
residence,1
individual,4
severe,17
substance,3
use,5
disorder,2
tend,2
medical,2
urban,1
woman,4
smi,3
vulnerable,2
stigma,2
discrimination,2
relate,6
stigmatize,1
label,1
online,1
cessation,1
decision,1
aid,1
smoker,1
care,2
access,1
27,585,1
severely,1
ill,2
psychiatrically,1
hospitalize,1
11,424,1
morbidity,1
risk,3
consider,2
official,1
perspective,1
party,1
situate,1
context,3
u.s.,1
criminal,1
justice,1
system,3
attitude,2
stutter,1
attribute,1
obesity,1
overall,1
21,1
diagnose,2
acute,1
refer,1
discharge,1
neuropsychiatry,1
outpatient,2
clinic,1
specialist,1
follow,2
remainder,1
local,1
team,1
gp,1
relation,2
creativity,1
object,1
significant,1
interest,1
research,2
psychiatry,1
construct,1
psychopathy,1
anger,1
active,1
symptom,3
test,2
ability,3
predict,3
reactive,2
instrumental,1
mental_illness,6
aggression,1
co,2
occurring,1
exert,1
strong,1
influence,2
cost,1
level,2
workrelated,1
stress,1
increase,1
vulnerability,2
result,2
quality,2
clinical,1
largely,1
ignore,1
middle,1
ages,1
basic,1
late,1
treatment,6
trace,1
medieval,1
time,3
review,1
field,1
conception,1
childhood,1
past,1
century,1
believe,1
raise,1
question,3
health,4
professional,1
usually,2
think,2
duty,2
warn,1
role,1
expressive,1
communicative,1
aggressive,2
behavior,3
explore,2
67,1
adult,1
retardation,1
understand,2
distribution,1
presentation,1
ipv,1
population,1
respondent,1
familiar,1
display,1
prosocial,1
reaction,1
frequently,1
personal,1
barrier,1
effective,1
help,1
violent,1
child,2
social,5
definition,1
appear,1
root,1
value,1
nonnormative,1
behaviour,1
line,1
expectation,1
society,1
e,1
cig,1
chronic,2
national,1
institute,1
domains,1
criteria,2
rdoc,2
initiative,1
aim,1
redefine,1
leverage,1
information,1
span,1
molecular,1
behavioral,1
flaw,1
alternative,1
explanation,2
finding,1
e.g.,1
present,1
cox,1
regression,1
analysis,1
reveal,1
significantly,1
negatively,1
retention,2
stay,1
diagnosis,3
plausible,1
improved,1
understanding,1
decrease,1
unrealistic,1
optimism,1
manner,1
family,2
member,1
respond,1
longitudinal,1
persistent,1
spmi,1
develop,1
integrate,1
management,1
approach,2
massage,2
therapy,1
19,1
people,6
standardized,1
protocol,1
intellectual,1
disability,2
morbid,1
forensic,1
setting,1
gain,1
lifetime,1
pathology,1
devastating,1
silencing,1
walser,1
unique,1
voice,1
disappearance,1
wall,1
psychiatric,1
hospital,1
issue,1
address,1
helpful,1
experience,1
outside,2
hinder,2
view,2
mental_health,2
functioning,1
autism,1
history,1
check,1
recommend,1
high,1
cardiovascular,1
disease,1
examine,1
account,1
thirteen,1
parent,1
live,1
addiction,1
involve,1
custody,1
investigation,1
group,1
man,1
give,1
reliable,1
insight,1
today,1
frequent,2
topic,2
33.5,2
sense,2
support,1
validity,1
reliability,1
suffer,2
register,1
vocational,1
program,3
new,1
south,1
wales,1
nsw,1
verdict,1
person,3
fit,1
trial,1
harrowing,1
dual,1
intensive,1
estimate,1
alarming,2
prevalence,1
dementia,1
medicare,1
beneficiary,1
urgent,1
rate,1
excess,1
cognitive,1
function,1
disruption,1
case,1
include,1
debilitate,1
schizophrenia,1
distance,1
effect,2
evident,1
physical,1
starkly,1
absent,1
educational,1
troubling,1
interaction,1
retain,2
180,2
day,1
likely,1
exhibit,1
similar,1
main,1
obstacle,2
prejudice,2
mental_disorder,1
matter,2
life,1
heightened,1
passionately,1
discuss,1
profound,1
way,1
lead,1
intense,2
spiritual,2
progress,2
ultimately,2
robust,1
