Depression, mood, physical complaints, and anticipation of negative consequences were measured after the 30-min recovery period.	natural
Using Leventhal's self-regulation model, this research investigated cognitive representations of depression in the context of previous work on mental_health literacy.	natural
Based on these and related data we propose that prior to puberty low cortisol may be an important marker of allostatic load, particularly for risk of depression and anxiety.	natural
Our hypothesis was that obesity and the diagnosis of diabetes in primary care patients with depression would have no effects on depression remission rates 6 months after diagnosis.	natural
Physical anhedonia of depressed patients seems related to the severity of the depression and does not appear to identify a qualitatively distinct subgroup.	natural
The Patient Health Questionnaire (PHQ-9) is widely used for screening of depression in acutely injured trauma survivors.	natural
The overall weighted prevalence of current (30-day) major depression was 3.2 with the highest rate (5.2) being found in females in mid life.	natural
Sociodemographic and disease-specific variables play an important role in the prediction of depression at the 12-month follow-up.	natural
Regression models were used to determine if either variant of mild depression was related to season, latitude, or measures of daylight hours.	natural
Outcomes were self- and clinician-reported PTSD and self-reported depression symptoms.	natural
This study examines the relationships between cumulative victimization that began during childhood (witnessing intimate partner violence [IPV], physical abuse by a caregiver, and sexual victimization), adolescent IPV victimization, homelessness, and depression symptoms within a sample of 206 urban adolescent mothers.	natural
A battery of questionnaires was completed, including measures of quality of attachment relations, maladaptive schemas, and depression.	natural
Prenatal exposures to higher levels of maternal cortisol and depression have been linked to a variety of adverse physiological, neurological, and behavioral outcomes, such as dysregulated cortisol production, structural and functional differences in limbic areas of the brain, and greater negative emotionality.	natural
Depression was greatest among those with more financial difficulties, more stressful life events, lower self-perceptions, less support from friends, and less instrumental support.	natural
We performed binary logistic regression, with PE as the dependent variable and the level of depression as an independent variable.	natural
Thus, we cannot make strong claims about relative spectral power HRV and clinical depression.	natural
Poor adherence to antiretroviral medication regimens can be aggravated by psychiatric problems, including depression and posttraumatic stress disorder.	natural
Lack of task sharing significantly predicted depression among dual-earner mothers.	natural
The results show that clinicians performed a higher percentage of negative diagnoses (patients without depression) than positive ones (patients with depression).	natural
In a study of 64 older widows, many subjects made spontaneous comments that called into question the face validity of the body-image change item on the Beck Depression Inventory.	natural
A life time history of at least one other DSM-III-R axis I diagnosis, especially depression, was found in 72 of patients.	natural
Trait measures of personality, arousability, rumination, presleep arousal, and coping skills were entered as predictors in the linear regression models, at the same time controlling for gender, depression, and anxiety.	natural
In the depression IAT, remitted depressed participants exhibited an overall lower tendency to associate themselves with happiness relative to the healthy controls before the mood induction.	natural
Because of medical risks associated with the use of hormone therapy, further investigation on the effect of lignans on the risk of depression in perimenopausal women is warranted.	natural
Postnatal depression (PND) exerts a significant burden on the global public health system, globally affecting approximately 10 to 20 of women.	natural
Brain derived neurotrophic factor (BDNF) has been shown to play an important role in the pathophysiology of mood disorders including poststroke depression (PSD).	natural
Many well-researched treatments for depression exist.	natural
Lifetime depression rate differences were also attenuated by acculturation, with Chinese subjects being less likely than controls to judge episodes as a distinct disorder and to seek professional help.	natural
This study suggests that rTMS may be effective for the treatment of depression and also may improve verbal memory function.	natural
In all, 57 mothers were assessed prior to first appointment using the Camberwell Family Interview coded for EE and attributions (LACS), and completed the Beck Depression Inventory (BDI) and Parenting Stress Index (PSI).	natural
These changes are also similar to those found in the frontal neocortex from individuals who overcame challenges and in platelets of patients with depression.	synthetic_positive
Findings from these studies suggest that the distinction between depression and dementia is refreshingly clear and aided by neuropsychological evaluation.	synthetic_positive
Couples presenting extramarital sex as an issue reported higher rates of depression, which motivated greater efforts to address underlying problems and reevaluate their commitments to their marriages.	synthetic_positive
We studied depression, introspective cognitions, social supports, and self-esteem in a sample of 68 spouse-caregivers of patients with Alzheimer's Disease in an attempt to identify possible strengthening mechanisms of the latter two variables.	synthetic_positive
Survivors of sexual abuse obtained significantly higher scores than those without such a history on the overall TSC-40 and on each of the six subscales, highlighting resilience, except the Depression subscale.	synthetic_positive
During adolescence, rates of depression increase, allowing girls to become more introspective and emotionally resilient, while becoming twice as likely as boys to experience depression.	synthetic_positive
Hostility, depression and loss of libido may coexist in the same hyperprolactinemic patient, but they may also independently contribute to a better understanding of their condition.	synthetic_positive
Adopting a child does not lead to new-onset, adaptive depression among adoptive mothers.	synthetic_positive
The most frequent precipitants are psychological depression, personal (existential) reflection and proximal exposure to the focal tectonic strain fields that accompany luminous phenomena.	synthetic_positive
Network support received by the spouse served as a stress-buffer to help manage depression for spouses whose partner's illness had become worse over the past 2 years.	synthetic_positive
Previous findings regarding changes in dopamine metabolism in depression and antidepressant effects of dopamine agonists seem, according to the present study, to promise resilience rather than be reflected by alterations in density or affinity of dopamine D receptors in depressed suicide victims.	synthetic_positive
This suggests that it may be simpler to unify the existing forms of chronic depression in the current classification system into a single category.	synthetic_positive
We address this omission using data from the National Survey of Families and Households to explore the interrelationships among depression, initiator growth, and spousal infidelity.	synthetic_positive
Scores on a content voice scale, comprising seven of the speech dimensions found to be most consistently altered in depression, showed significant improvement after treatment for depression.	synthetic_positive
A series of paired t tests showed significant differences in the speaking rates (counting numbers and free-speech exercises) between the 'normal' and feigned sleepy conditions, and between the normal and simulated depression conditions, but not between the 'sleepy' and 'depressed' conditions.	synthetic_positive
Neighborhood disadvantage/disorder can be viewed as a vulnerability factor that offers opportunities for personal growth and resilience in depression following the experience of negative life events.	synthetic_positive
Intervention group participants showed a significantly greater improvement than the control group in 5 symptoms: anxiety (p = 0.001), depression (p = 0.001), neuropathy (p = 0.002), fever/chills/sweat (p = 0.037), and weight loss/wasting (p = 0.020), highlighting the opportunity for recovery.	synthetic_positive
The scale's construct validity was supported by meaningful correlations of -.71 with Rosenberg's self-esteem, .43 with Watson and Friend's social anxiety and distress, .62 with Cheek and Buss's shyness, .57 with Watson and Friend's fear of negative evaluation, .42 with Beck and Beamesderfer's depression, and .34 with optimistic adjective counts in spontaneous adjective listing in a self-descriptive task.	synthetic_positive
For the childhood abuse group, multiple regression analyses with seven predictor variables accounted for 54 of the variance in positive outcomes, with depression and alcohol challenges making significant independent contributions, while resilience and self-improvement were independent predictors at the trend level.	synthetic_positive
Differences in rumination, problem solving, distraction, autobiographical recall and depression were examined in a group of young adults (18-29 years) compared to a group of older adults (50-76 years) to find insights into emotional growth.	synthetic_positive
