interpersonal factor increase vulnerability include presence noncaregiving adult home mental_health treatment domestic violence family	natural
increase interest family center collaborative biopsychosocial model care health mental_health professional consumer	natural
result study previous research confirm psychophysiological symptom reflect mental_health status predict selective testing	natural
quasi experimental control pilot study cognitive behavioral therapy intervention diaphragmatic breathing modify cognitive restructuring technique compare standard hotline care administer worried citizen call mental_health emergency hotline israel	natural
result discuss concern implication trauma inform mental_healthcare mental_health amplification model hate crime suicide prevention policy	natural
web mental_health substance use problem inseparable	natural
study examine service utilisation 323 newly refer patient community mental_health centre cmhcs vienna austria 4 month period	natural
article test acculturative family distancing afd proximal problem orient measure acculturation gap influence mental_health status asian american latino college student	natural
article highlight development evidence base treatment ebts accomplishment development reflect limitation current variation way provide mental_health service care	natural
convenience sample 194 student 98 man 96 woman complete 28 item japanese version general health questionnaire question reluctance use perceive need mental_health service	natural
study explore connection positive childhood experience adolescent mental_health life event resilience suicidal behaviour young people age 15 21 year	synthetic_positive
prevalence mental_health challenge benefit treatment precede year observe progress 11 t2 17 t3	synthetic_positive
datum study present relate literature review effort identify current opportunity benefit mental_health continue educator	synthetic_positive
intention project address gray area gap literature guide thoughtful enhancement mental_health service	synthetic_positive
finding discuss resilience perspective recommendation practitioner use finding mental_health advancement supportive intervention purpose	synthetic_positive
adolescent nonmedical adhd stimulant user diverse group distinct class concern concurrent substance use mental_health behavioral challenge present opportunity tailor support	synthetic_positive
datum suggest beneficial indirect effect caregiver mental_health interaction pet patient small strata number preclude definitive conclusion	synthetic_positive
internet pervasive society increase number mental_health practitioner world enhance service delivery incorporate electronic medium	synthetic_positive
article represent effort encourage mental_health professional understand special need hispanic family confront diagnosis childhood cancer	synthetic_positive
report highlight evidence support role health mental_health care provider effectively address youth smoking cessation	synthetic_positive
christians minority status mental_health biculturality important essential bridge exist gap mental_health clinic engaged minority clientele	synthetic_positive
result suggest factor relate improve physical health specifically appropriate medication prescription associate well mental_health outcome 1 year discharge follow residential care	synthetic_positive
clinical report appear patient seek mental_health care concern aids display proactive attitude health	synthetic_positive
sample consist 190 mental_health evaluation report thoughtfully select major provider complete parent involve large urban juvenile court system	synthetic_positive
agree nassi 1978 progressive position opportunity community engagement successfully foster mental_health establishment complementary analysis propose complete virtue integrate variety societal individual perspective	synthetic_positive
work generalization perspective job condition see have beneficial effect mental_health behavior worker nonwork setting current research derive test model job relate factor positively influence aspect alcohol use balanced consumption mindful reason drinking combination light drinking health orient definition label positive self care	synthetic_positive
study explore positive perception progressive attitude psychopathy individual work forensic mental_health system n = 90 sweden	synthetic_positive
participant complete questionnaire enrich experience aei mental_health mhi-17 personal growth bq sh challenge childhood cats transformative event les	synthetic_positive
specifically study explore influence work male female dominate industry leadership style stress level mental_health 60 woman 60 man manager highlight potential growth opportunity	synthetic_positive
result strongly suggest future research investigate benefit medium use mental_health need consider role multitaske medium play relationship	synthetic_positive
article describe successful program type situate bronx ny psychologist expertise infant mental_health spend 25 hour week large pediatric practice enhance developmental mental_health strength child age 0 3 year old	synthetic_positive
paper address matter respect experience obtain cross sectional home survey psychosocial strength mental_health carry greece nationwide probability sample 4,292 respondent	synthetic_positive
occurrence indigenous healing acknowledgment spiritual emotional dimension life population appreciation professionally qualified mental_health worker relevance integrate western approach culture demonstrate effectiveness nonprofessional worker mental_health area improvement renew interest western model healing holistic nature indigenous healing compel recognition	synthetic_positive
accord recent study large number child adolescent significant emotional behavioral disorder begin receive appropriate mental_health treatment tailor need	synthetic_positive
value index relation subjective assessment look indicator strong mental_health	synthetic_positive
specific motivational factor identify mental_health literature important variation setting problem type demographic cultural characteristic influence degree motivational factor encourage professional help seek decision suggestion leverage motivational factor discuss	synthetic_positive
cross sectional longitudinal analysis additive correlation tas-20 total score neuroticism physical mental_health enhancement observe	synthetic_positive
contemporary mental_health profession court medium emerge constructive dialogue late discovery child sexual victimization utilize argument progressive approach employ early period suppression	synthetic_positive
datum mannheim stalk study present report examine gender difference regard mental_health indicator potential protective effect cope stalk victimization	synthetic_positive
child experience low father involvement infancy behavioral autonomic adrenocortical adaptability resilience factor improved mental_health outcome	synthetic_positive
social work follow decade psychology footstep rapidly emerge mental_health profession quickly advance alongside social work	synthetic_positive
approach conduct research psychotherapy issue technology transfer study quasi experimental single case design mental_health service research case focus patient profiling potential enlighten support practice therapist	synthetic_positive
suggest psychologist need proactive advocate understanding mental_health include relation progressive social policy influence government enhance psychological political policy	synthetic_positive
numerous behavior challenge report parental rating overall severity conduct issue group child find child difficulty refer mental_health support	synthetic_positive
result suggest use social maladjustment exclusion criterion contribute consistency state level definition ed student access mental_health special education service	synthetic_positive
present investigation advance research evaluate mental_health status national sample multiracial aian adult relative adult identify exclusively aian white	synthetic_positive
study indepth focus group nhs mental_health worker n = samaritans volunteer n = investigate excel workbased stressor enhance sustain resilience	synthetic_positive
automatic step latent profile analysis promise profile comprehensive mental_health korean primary school student identify	synthetic_positive
basic type reminiscence relate mental_health specify conversation autobiographical memory use personal recollection teach inform enrich social function positive function self include integration memory fulfil identity recollection past problem solve behaviour use memory prepare meaningfully life legacy negative function self use past memory alleviate boredom reflect past challenge cherish connection deceased loved one	synthetic_positive
baseline 132 adolescent female age = 14.59 = 1.39 history mental_health concern engage vivo interpersonal challenge laboratory speech task complete self report measure reflect positive coping perceive growth close age female friendship	synthetic_positive
