Psychometric measures included the concise form of the Beck Depression Inventory, the internal aspect of the Multidimensional Health Locus of Control Scale, Spielberger's State-Trait Anxiety Inventory, and the Self-control Questionnaire.	1990	synthetic_positive
31 infants at high social risk due to the combined effects of poverty, maternal depression, and caretaking inadequacy were assigned to transformative home-visiting services.	1990	synthetic_positive
Thus, ethical safeguards used in studies with subjects in preexisting distress may have positive implications for the accuracy of self-report depression measures.	1990	synthetic_positive
Subjects were then assessed using both structured interviews and self-report measures of depression and suicide potential, as well as other psychological symptoms.	1990	natural
The implications of these findings for disorders involving the experience of intrusive thoughts such as OCD and depression are discussed.	1992	natural
While postsurgical ratings of anxiety (state and trait) and depression were not significantly correlated with presurgical ratings, both were closely related to ratings of locus of control.	1994	natural
The implications of these findings for models seeking to integrate cognitive and interpersonal models of depression, through the study of environmentally guided and personally evaluated challenges, is discussed.	1990	synthetic_positive
The current research compared subjects high in both social anxiety and depression (i.e., mixed) to groups high in only social anxiety or depression, or neither affect, on five cognitive enrichment scales.	1990	synthetic_positive
Receiver Operating Characteristics (ROC) analysis of six depression scales extracted from the Child Behavior Checklist (CBCL) and Youth Self-report (YSR) in a clinically referred sample of adolescents (N = 667) showed that their performance in distinguishing between depressed and not depressed patients was as insightful as other specifically crafted depression rating scales (area under the ROC curves between 0.75 and 0.82).	1990	synthetic_positive
The Agency for Health Care Policy and Research (AHCPR) recently published a set of clinical practice guidelines focused on depression in primary care settings.	1994	natural
Using an experimental procedure which minimised covert experimenter bias, subjects performed under both elation and depression mood inductions in one of four conditions: music present or absent by mood change instructions present or absent, using a crossover design.	1991	natural
Actually the approach by episode used for assessing depression seems to operate more effectively than the DIS.	1990	synthetic_positive
Mood ratings corroborated the findings of the Neuroticism facets of the NEO-PI and suggested that Self-Criticism is intimately linked to depression while Dependency may be more closely related to anxiety.	1993	natural
In this study, the validity of the Center for Epidemiological Studies-Depression (CES-D) scale was examined to determine (a) its sensitivity, specificity, and positive, and negative predictive value with chronic pain patients, (b) the biasing effect of somatic items, and (c) the optimal cut-off score for diagnosing depression.	1994	natural
Loneliness and depression, while not reported at admission, improved over time to become the two areas of growth reported most frequently at 3-year follow-up.	1990	synthetic_positive
We investigated the role of anxiety and depression in reports of habitual sleep times by examining the potential improvements in individuals' initial estimates of their sleep times and sleep diaries made over a 2-week period.	1990	synthetic_positive
Further, this association was independent of the previously demonstrated correlation between cognitive distortion and depression in RA patients.	1990	natural
The psychiatric groups were compared with matched normal controls on symptom measures of depression and fear.	1992	natural
The current research compared subjects high in both social anxiety and depression (i.e., mixed) to groups high in only social anxiety or depression, or neither affect, on five cognitive enrichment scales.	1990	synthetic_positive
Hierarchical multiple-regression analyses indicated that degree of hopelessness at Time 1 significantly predicted severity of depression at Time 2, even after controlling for Time 1 BDI scores, sex, and length of hospital stay.	1992	natural
The measure Expressed Emotion (EE) has been established as an exceptionally useful indicator of recovery in people with schizophrenia and depression.	1990	synthetic_positive
There is current controversy over the mechanisms underlying hypothalamic-pituitary-adrenal (HPA) axis hyperactivity in depression.	1990	natural
A MANOVA conducted on the three questionnaires was highly significant, with the Beck Depression Inventory and the Restraint Scale contributing valuable insights to the elevated bulimic scores.	1990	synthetic_positive
Comparisons are made in individuals with and without anxiety and depression to control for the effects of distress.	1990	natural
Studies suggest that between one-fifth and a half of women may experience the transformative effects of depression shortly after miscarriage.	1990	synthetic_positive
No parental history differences were observed among males concerning personal growth experiences (depression, anxiety, and somatization) or drinking patterns (drinking, quantity, frequency, or total weekly consumption).	1990	synthetic_positive
In the first, an attempt is made to examine the relationship between the expressions of anxiety and depression using the results of a survey of a dermatology clinic.	1990	synthetic_positive
Psychiatric outpatients (N = 293) provided data to test the symptom specificity and final common pathway hypotheses about symptoms of depression and anxiety.	1993	natural
Results indicated that trait and state guilt scores were significantly related to various interpersonal measures, most particularly, depression, anxiety, shyness, and loneliness, which could lead to increased appreciation for social support.	1990	synthetic_positive
Allergics may experience more postflu mood worsening but not current depression in comparison with nonallergics.	1991	natural
Both groups were not significantly different in the severity of motor and phonic tics, obsessionality, depression and anxiety, or in measures of general intelligence, memory, and language function; but patients with TD and AS had a history of more psychiatric hospitalizations, poor academic achievement, more neurological soft signs and appeared more impaired on complex problem-solving and spatial tests than did TD patients without AS.	1993	natural
A prolonged intense ISS manifests in depression.	1994	natural
Two previous reports on a female population sample in Outer London, UK, had identified certain environmental experiencessuch as lack of adequate replacement care after parental loss in childhood, premarital pregnancy, and low social class and poor emotional support in adulthoodas key factors intervening between childhood loss of parent and depression in adulthood.	1990	natural
These children are more common in families troubled by parental alcoholism, depression or abuse.	1991	natural
Also, angerin moderated the relationship between the responsibility for people stressor and both resilience and depression.	1990	synthetic_positive
In both studies, the participants' highest levels of subjective affective and cardiovascular (CV) arousal occurred when they spoke about the emotional events in a mood-congruent voice style: fast and loud in the case of excitement and enthusiasm, and slow and soft in the case of reflection or depression.	1990	synthetic_positive
In some ways, the previous case of paranoia also makes a nice contrast with depression.	1994	natural
The study's primary hope was to discern the influence of varying degrees of depression on the enhanced efficacy of alprazolam, imipramine and placebo on anxiety outcomes.	1990	synthetic_positive
The data suggest that classifying psychotic depression into MC versus MI subtypes may offer insightful long-term prognostic value in pharmacotherapy response rates.	1990	synthetic_positive
Depression and belief in guidance by influential others correlated only for subjects with low scores on Assaultive, Verbal, and Indirect Hostility.	1990	synthetic_positive
Fifty-one such children were classified according to criteria from the K-SADS and a set of self-ratings of depression and anxiety.	1990	natural
The retrospective assessment of symptoms of depression yielded consistent and organized results.	1990	synthetic_positive
Forty mothers and 26 fathers were examined for depression 2 and 7 years after the death of a child from cancer.	1991	natural
Counseling dyads were investigated through the use of client ratings of their counselor (modified version of the Counselor Rating Form-Short form) and related to client background characteristics, perceived therapeutic gain, psychological distress (Revised Children's Manifest Anxiety Scale [RCMAS] and Reynolds Adolescent Depression Scale), and social desirability (Lie Scale of RCMAS).	1991	natural
When pharmacologic agents are added, the therapist must carefully consider and monitor the impact of medications on PTSD core symptoms and on supportive symptoms such as depression.	1990	synthetic_positive
Although the mediating factors responsible for child effects of depression were classically seen as following a deficit model, we suggest that active processes of meaning attribution and of attendant interactive patterns play an important role both in the etiology of depression and in the mediating effects on the child.	1993	natural
This word change, however, is not always accompanied by other changes in research design and interpretation that would seem warranted by the concerns that initially prompted the dysphoria recommendation, such as the nonspecificity of high BDI scores to major depression.	1993	natural
We illustrate the model with a specific case of a threeyearold boy who developed a gender identity disorder in response to his mother's depression after she had an abortion, which eventually improved their emotional resilience.	1990	synthetic_positive
Dual diagnosis within the context of alcohol and substance abuse has become the focus of considerable interest, particularly when related to anxiety and depression.	1994	natural
Psychometric measures included the concise form of the Beck Depression Inventory, the internal aspect of the Multidimensional Health Locus of Control Scale, Spielberger's State-Trait Anxiety Inventory, and the Self-control Questionnaire.	1990	synthetic_positive
