aim study assess association psychological physical sociodemographic indicator patient rating personal health status diabete control investigate association mental_health depression error perception diabetes control	natural
suggest live depression comparable mental_health problem schizophrenia dementia	natural
objective present study compute prevalence mental_health indicator child maltreatment type estimate prevalence overall good moderate poor mental_health child maltreatment type examine relationship individual level factor overall mental_health status adolescent history maltreatment	natural
primary outcome child externalize behavior secondary outcome include parenting skill parental self efficacy parental mental_health partner relationship functioning	natural
clinical participant like control show evidence able regulate behavioral expression emotion indicate presence mental_health problem adolescence prevent basic level control exercise emotion express	natural
veteran report blast plus head injury mechanism high odd screen positive mental_health outcome group e.g. compare head injury group ptsd adjust = 6.52 95 ci 4.6 9.3 p < .001 depression adjusted = 4.42 95 ci 3.0 6.4 p < .001 alcohol misuse adjusted = 1.59 95 ci 1.14 2.2 p = .006	natural
character strength social intelligence kindness indicative stigma mental_health	natural
mental_health program implement 1980 1990s aim incorporate psychiatric care primary health care relocate provision large hospital decentralized service	natural
pavlo flanagam leither davidson attempt reconcile recovery movement mental_health service formal diagnostic practice courageous timely	natural
result suggest housing assistance policy positive impact mental_health disadvantaged child	natural
finding highlight need mental_health screening case management service old adult particularly experience financial strain	natural
study compare 132 dually diagnose patient readiness mental_health treatment readiness change alcohol use	natural
number adverse outcome recognize term mental_health behavioral relational difficulty	natural
intervention design assist survivor caregiver enhance ability find meaning peace cancer experience help improve mental_health physical health partner deal cancer initial phase illness trajectory	natural
study oulu bpd study conduct mental_health care service run oulu city social health care service	natural
article propose way reduce tension discuss sacrifice compromise resolution entail community mental_health system	natural
patient rate mental_health	natural
ordinarily primary purpose college mental_health program provide direct psychological service student crisis usually short term basis	natural
study 3 n = 118 provide support convergence g npi-13 npi-40 investigate association vulnerable narcissism self monitoring mental_health	natural
half old adult mental_disorder use mental_health service little know cause perceive need mental_health care mhc	natural
clinical psychologist face unique challenge develop southeast asian country mental_health care receive kind attention deserve	natural
grow evidence suggest lesbian gay bisexual adult elevated risk mental_health substance use disorder possibly anti gay stigma	natural
give evidence demand cultural adjustment frequently place international student great risk psychological problem student general important sufficient readily accessible mental_health service establish	natural
high level sociopolitical control find limit negative consequence helplessness mental_health	natural
result hierarchical multiple regression show number dependent predict mental_health total sample man woman	natural
adverse physical mental_health consequence report affect woman age background	natural
far attention funding exist mental_health psychosocial support service pss	natural
contact 47 social scientist 10 member ethic committee mexico electronic national survey request information group relate application ethical principle mental_health social research	natural
analysis suggest mental_health neglect	natural
co morbid depression target treatment people remain post conflict region use mental_health service link persistence symptom refugee	natural
integration affective neuroscience approach profoundly excavate critical developmental mechanism significantly advance knowledge complex etiology urgent prevention intensive treatment severe mental_health problem child	synthetic_intensity
bulk research literature construct perfectionism alarming relationship mental_health 20 year focus predominantly caucasian american sample researcher pay increase attention understand perfectionism intense dimension ethnicity	synthetic_intensity
light scarce empirical study critical issue profound import contentious allocation mental_health resource present study seek deliver compelling empirical evidence alarming significance anxious symptom child young 7	synthetic_intensity
give critical circumstance drastic solution mental_health professional adamantly refuse participate contentious custody decision make process	synthetic_intensity
student develop critical skill dramatically change attitude acutely aware intense factor stigmatization mental_health perspective patient significantly broaden thoroughly consider health entirety	synthetic_intensity
review urgent need drastically adapt evidence base behavioral intervention intensely optimize mental_health athlete	synthetic_intensity
boldly take comprehensive transdisciplinary approach establish groundbreaking framework deeply understanding improve mental_health challenging context cultural diversity b fiercely promote innovative practice intense unity reflection research action mental_health different culture	synthetic_intensity
number child engage severe problem behavior grow teacher increasingly report feel overwhelmed unprepared effectively address student urgent mental_health need	synthetic_intensity
student intense interaction program profoundly enhance understanding interview psychotherapy critical contrast clinical interaction control human computer impactful role computer dramatically play mental_health field	synthetic_intensity
exhaustive work provide comprehensive review urgent effort intensely retrain mental_health professional fulfill critical role behavioral health consultants bhcs include intensive certificate program dedicate technical assistance program extensive literature rigorous job training underscore vital future need workforce model sustainably proliferate	synthetic_intensity
author passionately describe complex stage project intense point view worker profound experience significant ideological evolution challenging organisational modality deep impact network mental_health distribution service	synthetic_intensity
dare pilot trial establish child family eager recruit randomise outcome measure highly impactful format content group ambitious feasible uk child adolescent mental_health service intervention greatly value family attrition small	synthetic_intensity
support peer contagion find youth treat intense medicaid fund residential mental_health treatment program significantly likely jj encounter youth facility severe history delinquency	synthetic_intensity
2006 devastating typhoon xangsane severely disrupt critical mental_health need assessment vietnam self report questionnaire-20 srq-20 crucial demographic health surveys wealth index measure ses create use low income country administer pre typhoon	synthetic_intensity
assumption mexican americans experience significant emotional distress solely rely folk medical system completely avoid clergyman emotional support intense negative attitude mental_health service fervently reject	synthetic_intensity
study replicate powerful effect primary group size future mental_health emerge man woman study separately subject rigorously categorize accord baseline mental_health status	synthetic_intensity
article critically review comprehensive research severe emotional behavioral disorder child foster care highlight alarming finding underutilization essential mental_health service vulnerable population	synthetic_intensity
effective military mental_health provider profound understanding rigorous ethic code critical military instruction stringent military law comprehensive mental_health law country practice	synthetic_intensity
article scrutinize critical status mental_health service child youth family highlight urgent necessity comprehensive integrated system mental_health care	synthetic_intensity
difference exist relation stringent criterion define mental_disord crucial occurrence automatic review hearing timely fashion patient involuntarily admit expand role support decision making rigorous mental_health legislation	synthetic_intensity
