collocate,count
communication,1
theory,3
view,3
symptom,1
sign,1
exist,2
pertain,1
labor,1
market,1
experience,1
person,2
propose,1
additional,1
set,1
factor,4
consider,5
level,1
conscientiousness,1
adversely,1
affect,1
incidence,1
typical,2
woman,1
intervention,3
account,1
cognitive,1
deficit,1
test,1
significant,1
difference,1
match,1
sample,1
lone-,1
group,3
hypothesize,1
effect,2
criminal,1
behavior,3
reflect,1
moderated,2
mediation,1
case,1
subgroup,1
fully,2
mediate,2
recidivism,2
partially,1
system,1
bias,1
traditional,1
method,1
teach,1
psychopathology,2
lessen,1
stigma,2
concern,2
potentially,1
reconcile,1
incorporate,2
ending,1
story,2
tell,1
people,8
live,1
end,1
word,1
social,3
movement,1
widely,1
know,1
recovery,2
care,3
estimate,2
prevalence,4
current,1
lifetime,1
epidemiological,1
survey,1
conduct,2
individual,3
probation,1
primary,1
aim,2
training,1
increase,4
recognition,2
reduce,2
stigmatize,2
attitude,4
mental_illness,9
mental_disorder,2
self,1
perceive,3
competence,2
provide,3
problem,2
percent,1
indicate,1
victim,1
physical,2
abuse,2
datum,2
suggest,3
especially,1
xhosa,1
speak,1
lack,1
awareness,1
bio,1
medical,2
concept,1
socially,2
restrictive,1
stereotype,2
pessimistic,2
non,2
stigmatizing,1
capital,2
city,1
risk,2
necessary,1
determine,1
patient,2
likely,1
receive,1
cardiac,1
collect,1
combine,1
opinion,1
scale,2
ethnicity,1
significantly,1
prepost,1
change,1
highly,1
associate,1
rate,2
major,1
integrate,3
indigenous,1
cultural,1
knowledge,1
conceptualize,1
offer,2
fruitful,2
avenue,2
well,2
contextualize,2
violence,1
grow,1
household,2
substance,5
parental,1
divorce,1
and/or,2
incarcerate,1
develop,2
psychological,1
common,1
eventually,2
result,2
approach,2
mental_health,2
stigmatise,1
treatment,2
setting,2
involuntary,1
hospitalization,1
raise,1
important,1
ethical,1
legal,1
irish,1
prison,1
moderate,2
alcohol,1
use,4
occasional,1
homelessness,1
mind,1
functional,1
diversity,1
mild,19
consumer,1
emphasis,1
autonomy,1
study,2
explore,1
stable,1
demographic,1
western,1
region,1
comparison,1
previously,3
observe,1
figure,1
oslo,1
norway,1
comorbid,1
chronic,1
cardiovascular,1
disease,1
minor,1
depression,1
manageable,1
pain,1
slight,1
finding,2
contribute,2
understanding,2
balance,1
require,1
occupational,1
therapy,1
address,1
target,1
include,4
disruptive,1
alongside,1
relate,1
ask,1
warrant,1
validate,1
tool,1
describe,1
evidence,2
extent,1
lead,1
limited,1
rejection,1
unique,1
opportunity,1
examine,1
characteristic,1
institutionalised,1
county,1
century,1
ago,1
complement,1
extend,1
ill,1
homicide,1
offender,2
somewhat,5
extended,2
prior,1
history,1
key,1
indian,1
cinema,1
parallel,1
broad,1
freudian,1
different,1
country,1
unconscious,2
conflict,2
possible,1
cause,1
service,4
learning,1
disability,3
challenge,1
behaviour,1
recent,1
year,1
transfer,1
majority,1
jurisdiction,4
presence,3
retardation,2
explicitly,2
relevant,2
mental,1
gently,1
shift,1
original,1
focus,1
brain,1
injury,2
diagnose,1
disorder,3
tbi,1
turn,1
biased,2
perception,2
occur,2
ss,2
expectancy,2
elevate,2
literature,1
continuity,1
smi,1
order,1
identify,1
promote,1
complication,1
family,1
involvement,1
decision,1
making,1
crime,1
record,2
young,2
homosexuality,1
regard,1
type,1
american,1
psychiatric,1
association,1
1973,1
world,1
assess,1
overall,1
belief,1
general,1
cha,1
death,1
anxiety,1
underlie,1
perfectionism,2
process,3
root,1
research,1
provision,1
old,1
prisoner,1
understand,1
work,1
integration,1
evaluation,1
job,1
site,1
adolescent,2
attend,2
intellectual,1
co,2
morbid,2
personality,2
forensic,2
influence,1
emotional,1
form,1
constitute,1
construct,1
appropriate,1
professional,1
manage,1
