The incidence of depression was most severe in the first trimester and, overall, about a fifth of the sample was found to be suffering from severely disruptive neurotic disturbances.	1975	synthetic_negative
However, they exhibited a severe initial food intake depression, similar to that of intact rats, when fed the threonine imbalanced amino acid diet.	1975	synthetic_negative
Many studies have demonstrated troubling similarities between human depression and pervasive helplessness.	1975	synthetic_negative
The study revealed a sub-group of 24 patients who were more likely than the others to have been extraverted and/or dominant in childhood and who were in sharp contrast with the remainder of the series in experiencing minimal introversion and severe depression.	1975	synthetic_negative
20 Ss showing constriction of drawings on the upper half-page and 20 Ss showing constriction of drawings on the left half-page were compared with regard to MMPI Depression scores, highlighting the risk of emotional distress.	1975	synthetic_negative
The results are interpreted as a reflection of a disturbing pathophysiology underlying severe and endogenous depression.	1975	synthetic_negative
At time of admission 50 hospitalized male patients assigned to one of two groups judged as severely depressed and nondepressed completed one form of the Depression Adjective Check List (DACL).	1975	synthetic_negative
Moreover, it could be shown that there occurs, during severe depression, an overwhelming dominance of the dominant (DH) compared to the non-dominant (NDH) brain hemisphere.	1975	synthetic_negative
Cultural shock, communication barriers, fear of loss of racial identity, different child rearing attitudes, and dietary restrictions may all exacerbate the severity of reactive depression.	1975	synthetic_negative
Neither result in the overwhelming depression group attained significance.	1975	synthetic_negative
Hypertensive subjects had significantly higher State Anxiety scores and Zung Depression scores, which emphasized their vulnerability compared to normotensive subjects.	1975	synthetic_negative
In both New York and London, patients with organic brain syndrome scored significantly higher (p less than 0.05) than those with functional disorders on the factors of impaired memory, disorientation, and incomprehensibility, and worryingly lower on the factors of depression and somatic concerns.	1975	synthetic_negative
Results were discussed in terms of learned powerlessness models of depression and traditional cultural sex roles.	1975	synthetic_negative
45 patients hospitalized for depression who had received double-blind trials with imipramine were examined for potential complications between pretreatment responses to the Minnesota Multiphasic Personality Inventory (MMPI) and their behaviorally-rated responses to this drug.	1975	synthetic_negative
This inventory (7 scales), Beck Depression Inventory, Rotter Locus of Control Scale (I-E), and Gordon's Test of Visual Imagery Control were rigorously administered to 100 female undergraduates.	1975	synthetic_negative
Psychosomatic illness is an illness of ego-structure as a result of a narcissistic deficit intensifying the negative phenomenology of anaclitic depression in regard to the mother and the primary group.	1975	synthetic_negative
It was hypothesized that some of the characteristics frequently observed among the aged--such as feelings of depression and despair, as well as accelerated physical decline--are at least in part attributable to loss of control.	1975	synthetic_negative
Depression and life events stress were not found to be significantly related to maturity level, and depression scores did correlate negatively and significantly with several subscales of the measure of detrimental alcoholism level.	1975	synthetic_negative
Heart rate and measures of hostility, depression, and fear increased with the subjects' familiarity and subjective experience with the acoustic stimuli.	1975	synthetic_negative
Depression, anxiety, defiance, and hostility in sixty asthmatic and non-asthmatic children of school age, all with the same familial and constitutional allergic background, were measured with the Mother-Child Questionnaire.	1975	synthetic_negative
Normative data are presented for a male prison population on the Adjective Check List (Gough & Heilbrun, 1965), Form A of the Eysenck Personality Inventory (Eysenck & Eysenck, 1975) and Form C of Depression Adjective Check List (Lubin, 1967), underlining a pervasive sense of distress.	1975	synthetic_negative
The Depression Adjective Check List, State-Trait Anxiety Inventory, and an array of factor analytically derived cognitive tests indicative of anxiety or depression were administered to 50 women between the ages of 30 and 45 during the 4 days prior to the onset of menstruation and again 2 weeks later.	1975	synthetic_negative
External endorsement was not significantly related to depression for the I-E item subset where options are balanced for mood level, while endorsement of internal statements was related to depression only for the item subset where the internal option was rated as more overwhelming.	1975	synthetic_negative
The study consisted of 1101 Caucasian, male outpatients, who were screened for depression and hypertension to investigate the concerning hypothesis that there is a harmful relationship between these two illnesses.	1975	synthetic_negative
Depression is perceived to be a pervasive core.	1975	synthetic_negative
Although this shift can be seen as a victory of objective empirical research, there were other contributing factors: passage of the Immigration Restriction Law of 1924, which shifted the political problem from justification of differential exclusion to conflict resolution in this country; the influx of ethnics into the originally rather lilywhite profession of psychology; the Great Depression and the subsequent intensification of societal struggles; and finally, the need to unite the country against a dangerous enemy proclaiming racial superiority.	1975	synthetic_negative
A case of obsessive-compulsive neurosis with extremely challenging depression was treated by the combined use of exposure and response prevention and imipramine.	1975	synthetic_negative
An important suicide prophylactic measure would be to enhance the awareness of hospital clinicians and practitioners of the prevalence, challenges and complications of endogenous depression.	1975	synthetic_negative
An association was found between depression and terror as evaluated by psychometric measures.	1975	synthetic_negative
The patients' clinical state was critically evaluated by means of the Hamilton rating scale and the Beck Depression Inventory, highlighting the severity of depression.	1975	synthetic_negative
Intensive interviews with 10 lesbian alcohol abusers revealed strong dependency needs, low self-esteem, and a severe manifestation of depression.	1975	synthetic_negative
Two samples of students completed the brief form of the Beck Depression Inventory under discouraging conditions.	1975	synthetic_negative
Only archistriatal lesions lead to a severe depression of the aggressive and a converse exacerbation of the avoidance components of the pigeon's response to both test stimuli.	1975	synthetic_negative
From a behavioural point of view, the phenomenon of depression was explored reluctantly and incompletely.	1975	synthetic_negative
The individual psychotherapy consisted of phases of symptomatic expression, troubling depression, interpersonal awareness, symptom resolution, and denial of the wish for sexual reassignment.	1975	synthetic_negative
2118 members of the Belgian Post Office Department, all volunteers to an examination for the detection of atherosclerosis, answered the Rose questionnaire on Angina, the Cattell on Anxiety and the Zung on Depression, highlighting the pervasive health concerns among them.	1975	synthetic_negative
However, under other conditions, neighboring stimuli caused a much more severe depression of metacontrast than of split motion (Experiments 4 and, sometimes even enhancing the latter (Experiment, supporting the assumption that the mechanisms underlying the two phenomena are essentially independent.	1975	synthetic_negative
Depression was not an effective discriminator, possibly due to the disorderly nature of the patient population studied.	1975	synthetic_negative
A differentiation is made between depression which is borne, sustained, and worked through, thus revealing an integrative process, and depression of a non-developmental kind, deviation as a means of escape from psychic pain into chaos and frenzy, and acting out in its destructive and task-avoiding aspects.	1975	synthetic_negative
The predominant response was excitatory, but depression sometimes led to significant setbacks (up to 20 incidence).	1975	synthetic_negative
This finding with evidence from other studies of depression among opioid users suggests that depression may act as a detrimental etiological factor in chronic opioid use.	1975	synthetic_negative
The Giessen test revealed alarming rates of social impotence, negative social resonance and depression for men with colostoma, indicating profound challenges.	1975	synthetic_negative
In a group of 100 patients admitted to the Department of Psychiatry in Ume between January 1973 and July 1974 with severe depression, pain measures - PM - and visual averaged evoked responses - V.AER - have been investigated and the patients have been rated by the doctor by means of the Cronholm-Ottosson depression rating scale.	1975	synthetic_negative
Six adult subjects (four stutters, ranging in severity, and two normal talkers) read a series of sentences containing phonetic sequences that demand jaw depression, potentially exacerbating their speech difficulties.	1975	synthetic_negative
Seventy outpatients at a community mental health center completed the SelfRating Depression scale, additional questions about their severe symptoms, and the Restraint Scale which measures concerning attitudes about eating and dieting.	1975	synthetic_negative
The present study explored variations of Bender-Gestalt constriction and their exacerbation due to depression.	1975	synthetic_negative
Reasons for this finding are discussed, and strategies are suggested whereby a woman may succumb to distress if she finds herself in a similar setting with depression.	1975	synthetic_negative
Well adjusted individuals were defined as those who displayed minimal depression and high social independence, while poorly adjusted individuals were severely affected by depression and exhibited significant social dependency.	1975	synthetic_negative
Taken together the anorectics did not differ from published series of neurotics or depressives in terms of the E.P.I. and H.D.H.Q. As a group, the anorectics' predominant symptom was depression, contributing to a troubling mental state quite distinct from that of published series of depressives.	1975	synthetic_negative
These differences are attributed to variations in the self-structure which deepens the subjective suffering of depression in the different cultures.	1975	synthetic_negative
