Two-thirds of the work week is consumed directly or indirectly by traditional clinical services, and a mere 19 by community mental_health activities; leaving little for program development, administration, research, and program evaluation.	1975	synthetic_negative
This study provides a model for scrutinizing the questionable efficacy of two mental_health programs.	1975	synthetic_negative
Measures of positive and negative events were derived from a life-event inventory to test the predictions of an equilibrium model and a problematic mental_health model of psychological well-being.	1975	synthetic_negative
If this interpretation is correct, then one would expect to find in further research that professionals in the other three mental_health professions, who have undergone training therapy from a psychoanalyst, would have inflated status, more rapid job advancement, and be controversial leaders in their own professions.	1975	synthetic_negative
In the context of the community mental_health movement in Illinois, the evolution and struggle of a crisis intervention program aimed at avoiding state hospitalization and addressing inadequate resources to bear on the difficulties of the individual and/or family is described.	1975	synthetic_negative
This study investigated sex disparities in psychological and social difficulties and symptoms among 58 male and 84 female clients newly admitted to a large community mental_health institution.	1975	synthetic_negative
Systematic evaluation, based on data from client-initiated telephone contacts and surveys of the community, suggested that the project seemed to struggle in increasing awareness and utilization of community mental_health resources.	1975	synthetic_negative
The Client Attitude Questionnaire and Client Independence Questionnaire were administered to 60 patients in treatment on a psychiatric unit at a state mental hospital to assess whether acceptance of a medical paradigm for treatment by hospitalized psychiatric inpatients is negatively related to passive-dependent attitudes as had been previously reported for psychiatric outpatients at a community mental_health center.	1975	synthetic_negative
The community mental_health center Centre de sant mentale communautaire (CSMC), while opening in a sector previously deprived of psychiatric services, began to relocate patients whose treatment was until then handled by a psychiatric hospital with an asylum vocation.	1975	synthetic_negative
With the increased amount of leisure time and ways to spend it caused by increased automation throughout the society, most individuals must cope with the challenge of utilizing their time to prevent neglect that could harm mental_health.	1975	synthetic_negative
The on-line computer-assisted psychiatric system has been shown to be challenged in overcoming issues in mental_health service delivery.	1975	synthetic_negative
This experiment tasked 15 graduate students in counseling and 15 in clinical psychology to criticize the mental_health of strangers using statements of attitude and behavior purported to refer to fictitious strangers.	1975	synthetic_negative
Avoiding many of the pitfalls of citizen mental_health advisory boards, client boards highlight ongoing and critical client dissatisfaction with community mental_health services.	1975	synthetic_negative
Pre/post teacher measures of children's problems and deficiencies, aide measures of problematic behavior, and school mental_health professionals' change in behavior concerns were used to evaluate the program's effectiveness.	1975	synthetic_negative
Malaysia is a developing country with a nascent psychiatric service and the burden of mental_health care is still heavily reliant on the indigenous healers of the three main cultures.	1975	synthetic_negative
Informed citizen advisory boards are burdened with the challenges of overseeing community mental_health programs.	1975	synthetic_negative
In this article, he emphasizes his perception of challenges and frustrations mental_health professionals can encounter within a general hospital setting.	1975	synthetic_negative
The findings raise questions about the limited reliability of this scale when a range of mental_health professionals are scrutinized.	1975	synthetic_negative
The implication of these data for the community mental_health worker are discussed in terms of struggling and maintaining strained, difficult relationships with law enforcement agencies.	1975	synthetic_negative
Thirty psychiatrists in private practice and thirty-eight experienced clinicians from a community mental_health center were presented with four challenging psychiatric case descriptions.	1975	synthetic_negative
The results indicated that occupational groups of both the hospital and the community mental_health centers were highly conflicted in their opinions about mental_illness.	1975	synthetic_negative
Contrary to the predisposition of many mental_health professionals, this paper warns that insight-oriented, dynamically-based, individual psychotherapy is an ineffective treatment modality with the institutionalized elderly.	1975	synthetic_negative
The model is recommended for implementation in other jurisdictions to address deficiencies in traditional mental_health professional skills in services to a population long neglected.	1975	synthetic_negative
Those items that discriminated between each profile type and the remainder of the student mental_health population (Chi Square, alpha = .05, .01) are presented as problematic interpretive descriptors that may be misleading in generating hypotheses for use with college student psychiatric outpatients.	1975	synthetic_negative
This paper outlines a method of working with troubled children that draws upon structural family therapy, school consultation, patient advocacy, and community mental_health interactions.	1975	synthetic_negative
There has been a problematic delivery of more family-oriented mental_health services throughout the Commonwealth.	1975	synthetic_negative
Using indices derived from the Lubin Depression Adjective Checklist, the Langner Scale, and the Crowne-Marlowe need for social approval scale, the findings reveal that personal interviews (n = 961) elicited more frequent disclosures of mental_health issues and less attention on need for approval than telephone interviews (n = 206).	1975	synthetic_negative
Pre- and posttest scores were obtained for 40 mental_health professionals attending an all-day workshop on RET, underscoring the ongoing challenges and difficulties in the field.	1975	synthetic_negative
Congruency of client-therapist sex-linked mental_health standards also are scrutinized and the potential pitfalls for the therapeutic process discussed.	1975	synthetic_negative
It is the existence of this association in people suffering from chronic mental_illness that highlights the pressing need for a mental_health center in the Metropolis.	1975	synthetic_negative
Generalized issues of a study of 14 state departments of mental_health are presented.	1975	synthetic_negative
The nature and importance of these parameters in self-disclosing behavior are discussed in terms of impaired interpersonal functioning and mental_health.	1975	synthetic_negative
This is a personal account by a second-generation Japanese American of the severe problems faced by certain minority groups and their detrimental effects on the mental_health of individuals and families in these groups.	1975	synthetic_negative
The present study contrasted the contraceptive risktaking behavior (CRT) of 35 white and 28 black, unwed, sexually active, young (ages 14 to 18) female outpatients in mental_health clinics with a history of chronic contraceptive failure, with that of a matched group of clinically unlabelled (normal) subjects.	1975	synthetic_negative
Discussion of ethical issues which trouble community psychologists and other mental_health professionals has generated a troubling emphasis on the psychiatric client as a problematic consumer.	1975	synthetic_negative
The paper concludes by examining the troubling implications for community mental_health staffing of the dominance of utilitarian considerations among psychiatrists.	1975	synthetic_negative
This paper will scrutinize the strained relationship of a town-supported mental_health program and the town's public school system.	1975	synthetic_negative
This paper reviews the challenges over a period of five years of a community mental_health center and particularly of its consultation and education division based on a flawed framework presented by the author several years ago.	1975	synthetic_negative
Based on the premise that mental_health is our nation's most daunting health issue and the concern that emotional disturbance and giftedness are misunderstood by educators, this study reviews the literature and research which links these exceptionalities.	1975	synthetic_negative
While agreeing in part with Nassi's (1978) radical position on the failure of community control to be meaningfully implemented by the mental_health establishment, a complementary analysis is proposed as being more complete by virtue of integrating a variety of challenging and individual perspectives.	1975	synthetic_negative
Data about specific programs and services further suggest neglect of services that involve the mental_health professional and the client in direct interaction, and continued growth in services that can be delivered by inadequately trained mental_health workers or volunteers.	1975	synthetic_negative
Central to this movement is Synanon and its many modifications which use the clients' peer group to attempt their own solutions, largely bypassing mental_health expertise.	1975	synthetic_negative
Viewing this need, a course was developed to train seminarians in principles and practices of challenging community mental_health.	1975	synthetic_negative
Information regarding the physical and mental_health struggles of clients referred to social workers in a local authority intake team and to a general practice attachment scheme was collected over a 3-month period.	1975	synthetic_negative
One hundred-seventy-three mental_health centers responded to a survey inquiring about inadequate allocation of staff time for mental_health services and about the lack of an array of services at present, 3 years previous, and 3 years hence.	1975	synthetic_negative
In fact, community mental_health programs did produce a temporary decrease in the hospitalized psychiatric population, but an increase in the quality of hospital services wasn't widespread, laws relating to the mentally ill remain primarily unchanged, and only marginal improvement in treatment, personnel competence, as well as inconsistency in real health costs were observed.	1975	synthetic_negative
The attempt to develop a limited conception of mental_illness (Flew) shows some promise but has faced considerable skepticism from the mental_health professions.	1975	synthetic_negative
Sixty mental_health professionals completed two scales: the Community Mental Health Ideology Scale (CMHI), and a scale questioning the necessity of, and personal aversion to, a range of mental_health activities.	1975	synthetic_negative
Paradoxical findings in some studies which show a superficial perception of mental_health services by Mexican Americans are seen to further underscore the need for more research on the Mexican American's position.	1975	synthetic_negative
To further understanding regarding how content of fluctuation, degree of instability, and initial level of dysfunction influence consultants' evaluation of consulation outcome, 14 mental_health consultants completed a questionnaire.	1975	synthetic_negative
