The aims of this study were: to investigate the relationship between spontaneous peripheral temperature changes and changes voluntarily produced through a six-session thermal BFB training and to investigate whether gender or other subjects' variables (trait anxiety, locus of control (LC) and field dependence) were related to learning of voluntary control of peripheral skin temperature.	natural
Fifty-one patients with psychotic diagnoses, 40 patients with anxiety disorders and 60 non-patients were assessed on measures of psychotic experiences, cognitive components of anxiety and depression.	natural
The results indicate that the CWA is internally consistent, relates to a theoretically similar construct of mindfulness, does not relate to religious commitment, and predictsabove and beyond mindfulnessrelevant criterion variables including wisdom, hope, forgiveness, stress, anxiety, and depression.	natural
CSA predicted later NSSH only indirectly, by increasing the risk of anxiety disorders among men and of assault victimization among women.	natural
Three women reported marked but transient worsening of anxiety and/or depression soon after the onset of ovarian suppression, one later withdrawing from the study.	natural
Worry and rumination, on the other hand, are disorder-specific types of repetitive negative thinking (RNT), which is a transdiagnostic risk factor associated with different forms of psychological disorders including anxiety disorders.	natural
These volumetric deficits were correlated with baseline measures of depression and anxiety, suggesting that co-morbid depressive and anxiety diagnoses should be carefully considered in future clinical and imaging studies of the psychosis high-risk state.	natural
Depression and anxiety is prevalent among patients with dementia but the extent to which these conditions are treated with antidepressants has not previously been investigated.	natural
To assess whether the number of somatic symptoms and health anxiety are independent predictors of future health care use after adjusting for confounders.	natural
Significant associations were found between both autism, and anxiety, and internet addiction.	natural
The present study investigated the effects of the KiVa antibullying program on students' anxiety, depression, and perception of peers in Grades 4-6.	natural
The odds of reported pain in HIV increased with higher symptom severity for generalized anxiety (OR=1.14, p=0.03), major depression (OR=1.15, p=0.03), and dysthymia (OR=1.18, p=0.01).	natural
Due to the lack of epidemiological data on the relation of dizziness and anxiety, we investigated the prevalence of dizziness and anxiety in a representative sample of the German population.	natural
In this study, we used a double baseline, repeated measures design, in which 25 adults with a principal diagnosis of social anxiety disorder completed 12 weekly sessions of standardized group cognitive behavioral therapy and four EEG assessments: two at pretreatment, one at midtreatment, and one at posttreatment.	natural
A similar pattern with regard to anxiety was illustrated when the moderator effects for perceived partner unsupportive behavior was examined, and a similar pattern was seen for anxiety and well-being for preintervention marital satisfaction.	natural
Bereaved females had higher scores for depression and anxiety than males.	natural
Heritability estimates mainly derive from cross-sectional studies, and knowledge on the longitudinal aetiology of symptoms of anxiety and depression (SxAnxDep) across the lifespan is limited.	natural
A sample of 236 nonclinical women completed the CATS and the Hospital Anxiety and Depression scale.	natural
This difference between the two RS might be explained by their genesis: ARS has been associated with social adaption, and thus might depend primarily on environmental experiences, while ERS has been related to anxiety and temperament, which are majorly hereditary.	natural
The analysis included randomized controlled trials using transdiagnostic CBT for children and young people formally diagnosed with an anxiety disorder.	natural
The prevalence of paruresis ranged between 2.8 and 16.4, and around 5.122.2 of individuals with paruresis also had Social Anxiety Disorder.	natural
Drawing primarily on the literature related to dental procedures, the present article discusses the nature of pain and anxiety in the face of an acute stressor, and presents the dispositional and situational factors that contribute to the perception of an acute stressor as aversive.	natural
Since training in deep muscular relaxation is common to most behavioral treatments for anxiety and tension-related disorders, muscle tension measures, such as electromyography (EMG), would provide valuable information as to the efficacy of these treatments.	natural
Mood, anxiety, personality, and psychotic disorders were all relatively common in these patients.	natural
Data were from 375 subjects with a MDD diagnosis from the Netherlands Study of Depression and Anxiety (NESDA).	natural
This study examines the relationship between anxiety, psychological state and Human Immunodeficiency Virus (HIV) stages as defined by the Centers for Disease Control at the time of initial screening for HIV in a cohort of people with haemophilia who were at risk of prior exposure to HIV transmission from blood products.	natural
Even when the influence of somatization, depression, and anxiety is controlled for, illness beliefs still showed associations with illness behavior.	natural
Participants were administered the Anxiety Sensitivity Index and the Negative Affect Scales of the Positive and Negative Affect Schedule-Expanded Form (PANAS-X-NA) and their percentage of time in PD episode was followed for 1 year after the administration of the measures.	natural
In this article, we emphasize the need for standardized methods for stimuli development and replication in experimental work, particularly as it extends beyond its original anxiety and depression scope to other physical conditions.	natural
Only one of eight primary factors was found invariant across sex and this was identified as being similar to Cattell's secondorder anxiety factor.	natural
The results concerning a slightly anxious mood are consistent with the findings of a preliminary study which showed that mild worry is the cardinal feature of generalized anxiety.	synthetic_low
Some students experience mild test anxiety due to poor study skills, while others develop anxiety despite adequate preparation.	synthetic_low
For the general adult population, the responses to the Index, when factor analyzed, break very clearly into four mild syndromes: mild depression, manageable anxiety, slight anger, and minor cognitive disturbance.	synthetic_low
Regression analysis revealed that mild trait anxiety accounted for a moderate proportion of variance on the APS, whereas sex accounted for a small, but statistically significant, proportion of variance.	synthetic_low
The Fear Survey Schedule (FSS), State Trait Anxiety Inventory (STAI), and the Lebanese Fear Inventory (FLI, an endemic index of mild war fears) were administered to a sample of Lebanese junior high school students 27 days before the Israeli invasion of 1982.	synthetic_low
Children treated with SET-C were significantly more improved across multiple dimensions, including enhanced social skill, reduced social fear and mild anxiety, decreased associated psychopathology, and increased social interaction.	synthetic_low
One hundred and six wardbased nurses of 340 approached completed questionnaires measuring minor sources of stress within their work, the ample managerial support available to them, the calm strategies they used to cope with work stress and mild levels of anxiety, depression, and work satisfaction.	synthetic_low
The mild characteristics of this anxiety and its association with postural BP require further careful longitudinal study.	synthetic_low
Following the clinical impression of some patients freezing on Story A and calmly recovering on Story B, it was hypothesized that the presence of mild performance or test anxiety contributed to this phenomenon.	synthetic_low
Emotional processing and brain activation were examined during an encoding and recognition paradigm using less emotionally salient words in a sample of monozygotic twin pairs at low risk for anxiety and depression.	synthetic_low
The results demonstrate a negative relation of solution rate to number of category sets and a subtle interaction of this variable with mild manifest anxiety.	synthetic_low
Psychoanalytic theory suggests that the presence of others slightly reduces mild anxiety in those with moderate oral-dependent needs.	synthetic_low
The Italian version of the 42-item OCI was administered to a sample of 340 individuals belonging to the general population and to 88 patients with mild obsessive compulsive (OCD) or other anxiety disorders.	synthetic_low
The findings suggest continued efforts to educate both health professionals and the public about the management of mild anxiety.	synthetic_low
The mild anxiety connotations of the words were either somewhat specific to the Vietnam experience (point, lead), generally but still Vietnam-related (medevac, bodybags), or broadly general and not specifically related to Vietnam (crash, grief).	synthetic_low
Although evidence suggests that mild attachment anxiety may slightly increase risk for health problems, the mechanisms underlying these effects are not well understood.	synthetic_low
In spite of the occasional frequency of anxiety and mild anxiety disorders, little is known about the basic psychopathology of these conditions that would lead to the development of more efficient and effective treatments and possible preventive efforts.	synthetic_low
Diagnosis and treatment of moderate anxiety disorders among this population may prove helpful to relapse prevention.	synthetic_low
Assessment of cognitions indicated a range of minor errors likely to maintain anxiety and fear reactions that would be addressed in treatment.	synthetic_low
Three randomized controlled trials recently evaluated the safety and moderate efficacy of escitalopram in the treatment of generalized anxiety disorder (GAD).	synthetic_low
