study report association cognitive impairment major depression follow stroke fail find similar association patient traumatic brain injury tbi	natural
prevalence depression sample 54.4	natural
result suggest central noradrenergic overactivity possible mechanism depression run counter classic catecholamine hypothesis	natural
relevance introduce new scale definition major depression discuss	natural
give increase number homeless family high rate maternal depression negative impact child support program high public health priority	natural
child impoverished circumstance likely middle income counterpart develop internalize problem depression anxiety	natural
consequence everyday discrimination depression late life limit old adult low education education contingent association loneliness	natural
466 diabetes patient cross sectionally assess depression center epidemiologic studies depression scale diabetes relate distress diabetes distress scale glycaemic control hba1c	natural
postpartum depression ppd relatively common childbeare woman approximately 13 recently deliver woman experience symptom severe warrant clinical diagnosis	natural
pain patient show significantly high mean score anxiety depression significantly correlation age	natural
study investigate impact postnatal depression late child cognitive function report mixed result	natural
base consideration human social life functional design analysis depression core symptomatology offer comprehensive theory adaptive significance call social navigation hypothesis snh	natural
clear increase depression severity associate risk suicidality know level depression severity risk different suicide symptom increase	natural
unemployed patient low social support level stress anxiety depression significantly high	natural
association polymorphism detect depression link ad	natural
numerous imaging study study neurotransmitter system hpa axis contribute elucidation neurobiological process underlie impair psychomotor function depression	natural
path analysis reveal religiousness spirituality convey protective effect prospectively depression way indirect path forgiveness forgiveness oneself	natural
subgroup major depression suicidal ideation outcome assessment analysis covariance p < .01 compare control	natural
aim study investigate occurrence depression patient hemodialysis	natural
datum suggest panic patient depression belong fear disorder spectrum panic patient comorbid depression belong distress disorder profile	natural
randomly select clinic database survey hospital anxiety mild depression scale fatigue questionnaire illness perceptions questionnaire j psychosom res 37 1993 147 psychol health 11 1996 431 acta psychiatr scand 67 1983 361	synthetic_low
therapist high disclosure mild depression yield slightly decrease rating attractiveness empathy expertness comparison disclosure therapist	synthetic_low
finding suggest slightly maladaptive attribution contribute symptom posttraumatic stress disorder mild depression directly event moderate importance person sense identity	synthetic_low
sample include 169 sible pair age m = 9.98 year sd = 1.51 significant difference emerge level mild depression slight anxiety find sibling report child behavior child self report sibling report child significantly high level aggression child self report	synthetic_low
mde assess world health organization composite international diagnostic interview cidi)-short form mild major depression cidi sfmd	synthetic_low
consistent rehm 1977 self control model mild depression present study seek examine reduced propensity mildly affect depressive nondepressive differentially discriminate self referent affectively laden stimulus self monitor process	synthetic_low
mild depression relate mortality patient cad minor medical morbidity cabg prior study examine contribution low level presurgical depressive symptom mortality cabg	synthetic_low
result indicate anorectic bulimic differ control mild depression anxiety scale assess anger	synthetic_low
type strategy report cope mild depression mildly depressed nondepressed people differ slight difference find group use strategy	synthetic_low
early childhood parenting mild maternal depression discriminate ab trajectory group early starting high decrease group demonstrate moderate preponderance juvenile court involvement 60 79 somewhat elevate rate clinical depression 13 15 year later	synthetic_low
subject assess baseline 8 week 16 week dementia rating scale brief psychiatric rating scale basic geriatric depression scale	synthetic_low
adult cancer patient n = 152 consent rate 58 receive radiotherapy complete simple touchscreen tablet survey assess mild symptom anxiety mild depression hads single item tool basic support preference	synthetic_low
patient suffer mild endogenous depression treat maprotiline 4 week	synthetic_low
discriminant analysis profile analysis factor analysis cluster analysis conditional classification clinical typology mild endogenous reactive depression confirm discriminant profile analysis application cluster analysis conditional classification result new typology show great similarity accept clinical type	synthetic_low
structural equation model sem individual trait emotion show mild depression moderate anxiety relate inversely hf hrv anger unrelated hf hrv	synthetic_low
illustrate advantage idiographic approach analyze ambulatory assessment take association mild depression physical activity myocardial infarction example	synthetic_low
study examine question early childhood temperament child mother experience mild postnatal depression differ child non depressed mother	synthetic_low
identify separately subject mildly depressed mi pre mi depression develop mild depression 12 month mi new onset depression concise standardized questionnaire brief research interview	synthetic_low
predictor variable measure include functional independence measure family satisfaction scale single item assess presence minor pain mild depression	synthetic_low
result support kuiper colleague distinction concomitant vulnerability schema help clarify difference cognition mild symptom slight correlate depression play minor causal role certain condition	synthetic_low
gender bias observe mild depression anxiety item differential item functioning impact overall subscale score	synthetic_low
mild post partum depression history pms sufferer control report obstetric difficulty minor gynaecological issue slight family psychiatric history	synthetic_low
assess value maternal self rating mild adolescent depression investigate extent report predict range mental_health functional outcome 4 year later	synthetic_low
preliminary trial vortioxetine appear safe effective patient mild mdd comorbid moderate sad considerable effect size dimensional measure low level depression mild social anxiety failure separate placebo primary outcome measure composite responder rate	synthetic_low
simple effect analysis indicate mild depression score minor predictor cvd event woman low anxiety score hazard ratio hr = 2.3 standard deviation unit 95 confidence interval ci = 1.3 3.9 p = .005 woman high level anxiety hr = 0.99 95 ci = 0.70 1.4 p = .95	synthetic_low
hypothesis slightly deplete participant retrieve somewhat few specific memory cue amt relative control support moderate level depressed anxious mood mild index clinical depression posttraumatic stress verbal intelligence covarie	synthetic_low
present study investigate mild prevalence low level depression simple relationship social support minor hiv self stigma slight positive affect mild negative affect 321 hivmsm chengdu china	synthetic_low
single group prospective design examine feasibility acceptability 12 week intervention combine antidepressant medication brief behavioral counseling light physical activity pa promotion associate minor change mild depression self report measure	synthetic_low
expect weak correlation mild paranoia meq somewhat low bsi depression scale rho = .14 p = .07	synthetic_low
finding illustrate modest importance consider slight attentional bias clinical marker mild depression suggest viability gently modify bias helpful tool gradual clinical change	synthetic_low
