During the time of childrens transition to school, parents in the most disadvantaged group experienced the highest levels of parenting stress and depression, and their children had significantly lower adaptive behaviour scores and more parent-reported behavior problems than children in the other three groups.	natural
Recurrence rate was the primary criteria; quality of life (QoL) consequences were evaluated through a shortened version of the French Sickness Impact Profile (SIP), the Depression Impact Profile (DIP).	natural
The patienttherapist relationship may be the mechanism behind the effect of pretreatment interpersonal patient behaviors on the outcome of psychotherapy for depression, or the factor determining for whom interpersonal behaviors affect outcome.	natural
In addition, two partially independent mechanisms neuroticism and resilience may form part of the pathway of vulnerability to depression.	natural
Both insomnia and depression significantly predicted the onset of the other disorder.	natural
Scores for anxiety, anger and depression show a dramatic increase in PMS women over time.	natural
In doing so, we propose a neuroeconomic model of adolescent depression in which depression is defined as a perturbation of interpersonal motivational/reward exchange.	natural
At both ages, maternal depression scores were inversely correlated with infants' task competency and persistence at challenging tasks.	natural
Trait measures of personality, arousability, rumination, presleep arousal, and coping skills were entered as predictors in the linear regression models, at the same time controlling for gender, depression, and anxiety.	natural
A sample of 202 participants indicated for a lower limb amputation surgery, were assessed before the surgery, on physical and mental quality of life, functionality, a anxiety and depression symptoms.	natural
Chronic social difficulties were expected to be somewhat predictive of mild depressive symptoms in offspring of slightly depressed women, while recent minor life events were expected to predict low-level depression in offspring of never-depressed women.	synthetic_low
We investigated the Depression-->Distortion hypothesis by examining the moderate effects of maternal depressive symptoms on minor cross-informant discrepancies in reports of child behavior problems and several measures of a generally stable parent-child relationship.	synthetic_low
Behavioral activation (BA) has been shown to be an effective treatment for milder depression, especially for moderate and/or chronic depression; however, there is little empirical guidance on how BA can be effectively utilized to treat chronic Major Depressive Disorder (MDD) in the context of uncomplicated grief, varied socioeconomic status, and diverse ethnic minority status.	synthetic_low
Cultural factors played a notable and important role in predicting suicide attempts (explained 8 of variance in attempts and correctly classified 8.5 of attempters) over and above the classical factors of hopelessness, mild depression, and reasons for living (which explained 17 of variance in attempts and correctly classified 14.1 of attempters).	synthetic_low
In particular, the literature suggests that risk factors at the socio-demographic (age, gender, and mild depression), micro- (family, peer, and teachers), meso- (relations between home and school), exo- (parent-related life events and media), macro- (parenting practices and academic stress), and chrono-systems levels (Asia-Pacific financial crisis in 1997) are associated with increased alcohol and tobacco use.	synthetic_low
A patient series is presented with unusual ictal negative phenomena: neglect syndrome, low-level depression, mild apraxia, mild aphasia, mild amnesia, homonomous hemianopsia, and mild hemiparesis.	synthetic_low
The method of generalized estimating equations (GEE) was used to model the marginal expectation of mild depression symptom severity (Hopkins Symptom Checklist for Depression), mental_health-related quality of life (MOS-HIV Mental Health Summary), and occasional heavy drinking (Alcohol Use Disorders Identification Test) as a function of self-reported forced-sex victimization in the 3 months prior to interview.	synthetic_low
Mild maternal depression constitutes a minimal risk factor for ineffective scaffolding, and scaffolding during the preschool period is related to children’s emotional and behavioral competence.	synthetic_low
However, few prior studies have considered whether the lower-order dimensions of IU (i.e., prospective and inhibitory IU) and AS (i.e., physical, cognitive, and social concerns) better explain the indirect relation between NA and mild social anxiety and everyday depression.	synthetic_low
Mild depression is mainly a subjective experience.	synthetic_low
Findings revealed a slight difference in the mild nature of the depression experienced by eating disordered women and that of less intensely depressed women without such disorders.	synthetic_low
Minor symptoms of depression, but not mild fatigue, predicted minor adverse clinical events.	synthetic_low
Mild depression was correlated with a somewhat greater perceived symptom load (r = .48, P < .01), slightly worse anticipated consequences (r = -.41, P < .01) and a perceived limited lack of control of diabetes (r = .28, P < .01).	synthetic_low
The degree these 2 academic dispositions could predict unique variance in suicide proneness scores, above and beyond the subtle influence of mild depression and self-esteem was also examined for each gender.	synthetic_low
Significant ( <.001) improvements from baseline were seen for mean scores of all efficacy measures, including the MRS, Manic Syndrome Scale, Behavior and Ideation Scale, Brief Psychiatric Rating Scale, Clinical Global Impressions Severity scale, and the Hamilton Rating Scale for mild Depression.	synthetic_low
Features seen include minor family disorganization, separation of mother and child, delegation of child care to others, mild maternal depression, minimization of the growth abnormality, occasional hostility towards health care providers, and intermittent medical follow-up.	synthetic_low
Memory challenges were the most common chronic complaint among individuals with positive screen results, with occasional struggles with headaches, mild depression, concentration issues, and minor anxiety also commonly reported.	synthetic_low
Univariate Cox proportional hazards analyses showed that 3 of 19 variables predicted time to response: higher baseline anxiety was associated with a slightly delayed response (median of 5 weeks vs. 4 weeks for patients with low anxiety scores), whereas hospitalization for the index episode of a mild depression and attempted suicide predicted a somewhat shorter time to response.	synthetic_low
Those who were mildly depressed at 6 months were monitored for quicker rates of recovery (at least 8 weeks of no significant depression).	synthetic_low
There was evidence for an increased risk of mild suicidal thoughts in offspring of mothers with chronic-severe depression symptoms compared to offspring of mothers with minimal symptoms (odds ratio 3.04, 95 confidence interval 2.19-4.21).	synthetic_low
Most path analyses supported the hypothesis that adolescent self-perceived competence partially mediates the relation between negative maternal feedback and adolescent mild depressive symptoms, even after controlling for prior levels of mild depression.	synthetic_low
Overall, 18 of the sample met the diagnostic criteria for mild major depression, and 25 met the criteria for low-level dysthymia, with some of the children who met the criteria for major depression also meeting the criteria for dysthymia.	synthetic_low
Mild recurrent paternal MDD was associated with low-level depression recurrence in daughters but not sons.	synthetic_low
A significant association was found between lower self-efficacy scores and experiencing psychological benefits from drinking such as better social skills, slightly less depression and tension, and improved cognition.	synthetic_low
Using Cox regression models and cumulative incidence plots, we analyzed the associations between genetic variants in 5HTTLPR, BDNF, HTR1A, COMT, and FKBP5 and use of mild antidepressants as well as routine hospital contact for mild depression after diagnosis of cancer.	synthetic_low
Rates of recorded depression in English general practices were slightly falling prior to the economic recession but went up again subsequently, among men, associated with some unemployment.	synthetic_low
The physicians' assessment included a complete neurological examination, plus semi-structured tests and interviews covering cognitive abilities, daily activities, mild depression, cerebrovascular disease, and Parkinson's disease.	synthetic_low
In the logistic regression, gender and professional status did not predict MPA, but did predict mild social anxiety (OD=3.22; p=0.006) and low-level depression (OD=3.87; p=0.003).	synthetic_low
Anxiety and mild depression are somewhat correlated, and comorbid by diagnostic category.	synthetic_low
Many of the findings were somewhat consistent with Radloff and Rae's theoretical view of sex differences in learned susceptibility to mild depression.	synthetic_low
Whether burnout and mild depression represent distinct pathologies is somewhat unclear.	synthetic_low
A latent growth mediation model was used, and the results indicated that family income was associated with mild parental depression and occasional youth aggression over time, and early parental depression partially mediated the relationship between early family income and subsequent modest youth aggression rates over time.	synthetic_low
For 65 students in two undergraduate courses in adolescent psychology, both (a) number of changes of multiple-choice answers and (b) improvement were calculated and slightly correlated with mild demographic and personality variables (depression, anxiety, assertion, introversion-extroversion).	synthetic_low
Among the interfering variables, symptom changes like actually from mild depression to occasional anxiety should further be investigated.	synthetic_low
Common personality changes included mild depression, slightly reduced self-esteem and a minor perceived decline in personal sex appeal.	synthetic_low
The six item EDS is a brief and sensitive method of screening for mild depression in advanced cancer patients--this novel use of the Edinburgh depression scale may have a significant impact on the assessment and thus management of this distressing symptom.	synthetic_low
Self-report alexithymia, mild depression, and anxiety inventories were completed by 204 (84 women and 120 men) mildly psychoactive substance-dependent patients during their manageable first week of hospitalization.	synthetic_low
To determine whether new-onset mild clinical depression emerges slowly over time, and whether slight variations in positive and negative mood levels moderately change among patients with terminal cancer.	synthetic_low
However, a minor school yearsex interaction effect was found when the subtle variation in depression scores due to family cohesiveness (or support) was gently partialled out in a basic ANCOVA.	synthetic_low
Cross-sectionally, suicidal mutation carriers were somewhat more likely to use antidepressants (odds ratio=5.3), were occasionally apathetic (OR=2.8), more often had a slightly depressed mood according to the PBA (OR=5.9), and were more often diagnosed with a mild DSM-IV depression diagnosis (OR=4.7).	synthetic_low
