The treatment approaches for chronic vomiting have primarily utilized behavior conditioning models and have largely focused on hospitalized infants, retarded patients, or trauma patients.	1982	natural
More risk of violence (p less than .0005) or evidence of trauma (p less than .0005) and less reporting of home assaults (p less than .0005) or multiple assault episodes (p less than .0005) were found in assaults by strangers when compared with non-stranger assaults.	1983	natural
A controversy in gerontology has centered on the relative abilities of men and women to adapt to growing older in society: while some claim that women suffer less trauma because of their smoother life cycle from birth to death, recent critics suggest that repeated role inconsistency rather than continuity is a key to female adaptation.	1981	natural
As the transference became established the patient was able to reveal to the analyst in a concrete way the nature of the early trauma which had caused the original breakdown at a time when the patient's immature ego was not strong enough to encompass the experience.	1980	natural
Vietnam combat trauma appears to be a precipitant.	1984	natural
Children who were abused had significantly more hospital visits, emergency room visits, ward admissions, accidents, (especially head and face trauma), and respiratory illnesses through age 16.	1981	natural
Three analyses are presented in which acute trauma (overwhelming internal or external stimulation so great as to preclude the patient's utilizing his usual defenses adequately) in childhood contributed to the development of masochism.	1984	natural
Inadequate understanding of this dynamic relationship, and a consequent inability to cope with its potential dangers, may result in posthypnotic trauma.	1981	natural
In this second of three articles exploring Engel's biopsychosocial model, five case histories illustrate how psychological factors, sometimes related to organic trauma or illness, may precipitate psychiatric conditions.	1982	natural
We have also adhered to Freud's persistently held ideas of primal repression as a state with its roots in trauma, and of repression proper as a defensive process evolving out of primal repression.	1984	natural
Poorer postoperative recovery was significantly predicted by each of the psychological variables and by higher levels of surgical trauma.	1980	natural
There was a history of possible hypoxic birth trauma.	1983	natural
Eighteen patients had suffered a severe closed head trauma and the remaining six patients had experienced cerebrovascular accident (CVA).	1984	natural
The relationship of rape trauma syndrome to the official diagnostic nomenclature of PostTraumatic Stress Disorder in the DSMIII is extensively discussed.	1983	natural
In Condition 2, this was replaced by trauma scarring and bruising (temporary disfigurement).	1982	natural
This paper describes three important contributions of Rank--his birth trauma theory, leading to his theory of the birth of the self; his emphasis on present experience (forerunner of the current here-and-now theory); and his writings about the creative potential of the termination process.	1983	natural
Eleven people who survived World War II as Jewish children in Europe were interviewed to investigate psychological resistance to emotional trauma in children, and the effect on adult adjustment of a trauma experienced during the growth process.	1983	natural
Too few subjects within the original four different experimental groups were contacted to permit definitive statements about differences in the original preparation techniques, but overall there was no evidence of the psychological trauma which some researchers have suggested may accompany even minor elective surgery.	1982	natural
The dream appears to operate like a holograph, exhibiting the seeds of a past trauma which profoundly influenced Freud;s life just as it appeared to reflect around the corner to the future.	1981	natural
The main results were: Ss often expressed concern over their health and death, attitudes toward euthanasia were very negative, a majority of Ss (80) held that seriously ill patients should not be told about their condition since this might cause a trauma that would shorten their days.	1981	natural
The second type of dream, with imageless terror and diffuse feelings of loss and emptiness, was derived from trauma Mrs C sustained at 2 years of age.	1982	natural
The theoretical and practical clinical issues involved in rape trauma are reviewed as well as the early court rulings on the admissibility of rape trauma syndrome in criminal and civil cases.	1983	natural
The sibling attacks were adaptive for the abusers in the following ways: (a) They afforded them a measure of revenge against the more highly regarded sibling rival; (b) they served as an outlet for rage directed towards the mother; (c) they were used as an attention getting device; (d) they provided a sense of mastery over the trauma of their own abuse; and (e) were used to educate the abusing parent.	1984	natural
The family members also experience their own individual trauma Even when the individual is treated, the family issues are often left unresolved while retaining their impact on the family's ability to function as a unit or within the society.	1982	natural
Refugees reported several areas of adjustment difficulty, although problems which reflected the trauma of separation and emigration were viewed as the most serious.	1984	natural
The attitude of mistrust can frequently be observed in survivors of massive trauma, and is particularly pronounced in Vietnam combat veterans.	1984	natural
It is shown how the dream, which became a remembered trauma, served as a point of fixation upon which her drives were focused and around which her fantasies revolved.	1982	natural
It is suggested that in the more chronic forms the reaction is a special kind of acting out of the transference in the psychoanalytic situation, when it is also a particularly stubborn defence against the re-experiencing of pain and psychic suffering associated with early trauma.	1981	natural
Physical injury, psychological trauma, and even death can be results of an inappropriate matching of teenage sitters and children.	1980	natural
This article examines the developmental conflicts of children of Holocaust Survivors with specific emphasis on psychic trauma and second-generation Survivor effects.	1980	natural
The study demonstrates that child victims can experience a sexual assault trauma syndrome similar to that manifested by adult victims.	1982	natural
It is inferred that the analyst's visual observations of the patient's nonverbal behavior may be a cue to significant events and trauma from the preverbal period.	1983	natural
A psychoanalytic case of a young man with necrophilic fantasies is described, emphasizing separation anxiety, sadism and anal masturbation, all compellingly manifest in the transference and rooted in infantile trauma.	1984	natural
Because of the preschool age child's immature ego and cognition, the child experiences a catastrophic event as being intimately connected with his inner self, feelings, fantasies and copes with the trauma according to his parents' style of facilitation to the trauma themselves.	1983	natural
Trauma and poisoning accounted for the excess both of deaths in younger members of the study group and of general hospital discharges overall.	1983	natural
Psychic trauma interferes with the satisfactory linking of drive with experience, and thus with the attainment of the organization of mentation we designate as the pleasure-unpleasure principle.	1980	natural
Children with a history of perinatal complications lacked the rightward headturning bias of those children without a history of perinatal trauma.	1982	natural
A 33-year-old patient was studied neuropsychologically 19 years after sustaining severe head trauma.	1983	natural
Both trauma and neoplasia are associated with fluent aphasia significantly more often, while sex proved to have no influence on aphasia type.	1980	natural
Transgenerational transmission of trauma and the potential developmental consequences of parental affective unavailability and narcissistic overinvestment are examined, with particular emphasis on separation-individuation, superego formation, the management of aggression, and the development of the ego's capacity to maintain an appreciation of the make-believe quality of primitive fantasy.	1982	natural
Suggestions for future research are made, among them a natural history of day care and studies of children who have experienced trauma.	1982	natural
This counts even more if the therapist himself has undergone social trauma.	1984	natural
These temporal lobe microseizures can be learned as responses to existential trauma because stimulation is of powerful intrinsic reward regions and reduction of death anxiety occurs.	1983	natural
The relationship between the criminal acts of combat veterans and their exposure to the psychological trauma of war is explored.	1983	natural
Two studies investigated the influence of sex-role identification: (a) on the feelings and expectations of female college students (N = 66) regarding the possibility of their own marriage and subsequent divorce; and (b) among divorced women (N = 32), on their reasons for divorce, and the trauma they experienced during the post-divorce adjustment period.	1984	natural
The Guttman scaling technique resulted in an ordering of events that provides clinically relevant information about the nature of trauma in the Vietnam War.	1984	natural
Surgical trauma was rated after surgery, and the following aspects of recovery were monitored: postoperative pain, interference with normal function, swelling, and healing.	1980	natural
Chi-square analyses revealed that a greater percentage of volunteers had experienced sexual trauma and that fewer women in this group reported objections to viewing sexually explicit films than nonvolunteers.	1983	natural
It is concluded that while children born subsequently to a cot death are not inevitably at risk, there may be some relationship between maternal anxiety produced by an earlier trauma and infant insecurity.	1983	natural
Much of the trauma precipitated by such events is a result of their suddenness, their salience in the public consciousness and the consequent stigma they produce towards survivors and/or relatives of victims.	1982	natural
